Liczba wykonanych krokow: 0
Stan macierzy:
2.000	0.000	0.000	0.000	0.000	0.000
0.000	0.000	0.000	0.000	0.000	0.000
0.000	0.000	0.000	0.000	0.000	0.000
0.000	0.000	0.000	0.000	0.000	0.000
0.000	0.000	0.000	0.000	0.000	0.000

Nacisnij ENTER aby kontynuowac


Liczba wykonanych krokow: 1
Stan macierzy:
0.000	0.203	0.000	0.000	0.000	0.000
1.000	0.203	0.000	0.000	0.000	0.000
0.000	0.000	0.000	0.000	0.000	0.000
0.000	0.000	0.000	0.000	0.000	0.000
0.000	0.000	0.000	0.000	0.000	0.000

Nacisnij ENTER aby kontynuowac
Liczba wykonanych krokow: 2
Stan macierzy:
0.000	0.262	0.039	0.000	0.000	0.000
0.000	0.219	0.039	0.000	0.000	0.000
3.000	0.121	0.020	0.000	0.000	0.000
0.000	0.000	0.000	0.000	0.000	0.000
0.000	0.000	0.000	0.000	0.000	0.000

Nacisnij ENTER aby kontynuowac

Liczba wykonanych krokow: 3
Stan macierzy:
0.000	0.207	0.078	0.008	0.000	0.000
0.000	0.449	0.086	0.008	0.000	0.000
0.000	0.383	0.047	0.004	0.000	0.000
7.000	0.316	0.012	0.000	0.000	0.000
0.000	0.000	0.000	0.000	0.000	0.000

Nacisnij ENTER aby kontynuowac

Liczba wykonanych krokow: 4
Stan macierzy:
0.000	0.191	0.129	0.020	0.000	0.000
0.000	0.281	0.160	0.023	0.000	0.000
0.000	0.977	0.148	0.016	0.000	0.000
0.000	0.902	0.078	0.004	0.000	0.000
0.000	0.742	0.031	0.000	0.000	0.000

Nacisnij ENTER aby kontynuowac

Liczba wykonanych krokow: 5
Stan macierzy:
0.000	0.164	0.152	0.043	0.004	0.000
0.000	0.258	0.254	0.059	0.004	0.000
0.000	0.602	0.316	0.047	0.004	0.000
0.000	0.621	0.320	0.027	0.000	0.000
0.000	0.609	0.195	0.008	0.000	0.000

Nacisnij ENTER aby kontynuowac

Liczba wykonanych krokow: 6
Stan macierzy:
0.000	0.141	0.172	0.074	0.012	0.000
0.000	0.207	0.273	0.109	0.016	0.000
0.000	0.387	0.363	0.121	0.016	0.000
0.000	0.430	0.395	0.102	0.008	0.000
0.000	0.488	0.293	0.059	0.000	0.000

Nacisnij ENTER aby kontynuowac

Liczba wykonanych krokow: 7
Stan macierzy:
0.000	0.121	0.180	0.105	0.027	0.000
0.000	0.156	0.266	0.152	0.039	0.004
0.000	0.258	0.352	0.184	0.043	0.004
0.000	0.301	0.395	0.172	0.031	0.000
0.000	0.387	0.336	0.117	0.016	0.000

Nacisnij ENTER aby kontynuowac

Liczba wykonanych krokow: 8
Stan macierzy:
0.000	0.102	0.180	0.133	0.047	0.004
0.000	0.117	0.242	0.184	0.070	0.012
0.000	0.176	0.316	0.223	0.078	0.012
0.000	0.215	0.363	0.223	0.066	0.008
0.000	0.301	0.340	0.172	0.043	0.004

Nacisnij ENTER aby kontynuowac

Liczba wykonanych krokow: 9
Stan macierzy:
0.000	0.086	0.172	0.152	0.070	0.016
0.000	0.086	0.211	0.199	0.102	0.023
0.000	0.121	0.270	0.242	0.113	0.027
0.000	0.156	0.316	0.250	0.105	0.023
0.000	0.234	0.328	0.211	0.074	0.012

Nacisnij ENTER aby kontynuowac

Liczba wykonanych krokow: 10
Stan macierzy:
0.000	0.070	0.160	0.164	0.094	0.027
0.000	0.066	0.180	0.203	0.129	0.043
0.000	0.086	0.227	0.242	0.145	0.047
0.000	0.113	0.270	0.262	0.141	0.043
0.000	0.180	0.301	0.234	0.105	0.027
